
2+3
9-8
7-9
7/2
7%%2
5*4


x<-c(2,0,0,4)
x[1]

x[-1]
x[1]<-3;x
x[-1]<-5;x
x[-3]<-3;x
x[-1]=5;x 
x<5
x<6;x
y<-c(2,9,9,9)
y>9
y[y<9]=2;y


##data frame
df<-data.frame(x=c(1,2,3),y=c('a','b','c'))
df

me<-data.frame(pravin=c(100,150),soma=c(200,150))
me

me[1,2]
me[3,1]
me[1,]
me[,1]
me[2,2]
